2.150806427001953125e+01
2.224564361572265625e+01
2.295553016662597656e+01
2.363793754577636719e+01
2.430259704589843750e+01
2.494970130920410156e+01
2.558074760437011719e+01
2.619427871704101562e+01
2.678917312622070312e+01
2.736190414428710938e+01
2.791203498840332031e+01
2.843106079101562500e+01
2.891769027709960938e+01
2.936613845825195312e+01
2.977546882629394531e+01
3.014571380615234375e+01
3.047336196899414062e+01
3.076142883300781250e+01
3.101140213012695312e+01
3.122576332092285156e+01
3.140664291381835938e+01
3.155702018737792969e+01
3.168066978454589844e+01
3.178006553649902344e+01
3.185798645019531250e+01
3.191762733459472656e+01
3.196020889282226562e+01
